[ 2.11722057e-03 -1.23287019e-02  3.60995383e-03  7.66159875e-03
 -1.17948147e-02  1.29983653e-02  1.16748812e-02  5.23349680e-03
  1.12987607e-02 -5.53967266e-03  1.03983725e-03  7.53609524e-04
 -1.31383233e-03 -2.49705518e-03 -2.67754948e-05  1.62650701e-02
 -1.25300306e-02  1.12930648e-02  6.62533800e-03 -9.03793049e-03
  5.00693052e-03 -2.22449673e-02 -2.09154108e-03  1.84224020e-03
 -2.05150951e-02  5.96174056e-03 -7.94800755e-03 -1.05239774e-02
 -1.20800148e-02  2.47365199e-03 -2.26186836e-03  2.56423547e-03
  1.76531703e-02 -4.55944394e-03  1.15850231e-02  2.53292267e-03
  7.92898032e-03 -5.70665697e-03 -8.67293783e-03 -4.59093109e-03
  1.25318646e-02 -8.22295457e-03  1.76261582e-03 -6.68073085e-03
 -2.12091432e-03 -7.64366462e-03 -1.07605646e-03  1.07825652e-02
 -1.06289540e-03 -2.75372748e-02 -4.31757537e-03  2.31166321e-03
 -3.96348783e-03 -1.40370586e-02  1.90993508e-03  1.39302952e-02
 -4.41264387e-03 -1.04452679e-02 -8.10296755e-03  1.00436753e-03
 -1.43284856e-03  7.09556697e-03 -1.21232225e-02  2.86184242e-03
  2.45477527e-02]