[ 1.52439881e-01 -8.87666540e-01  2.59916676e-01  5.51635110e-01
 -8.49226660e-01  1.31283490e+00  1.17916300e+00  5.28583177e-01
  1.14117483e+00 -5.59506938e-01  1.12302423e-01  8.13898285e-02
 -1.41893891e-01 -2.69681960e-01 -2.89175344e-03  1.75662757e+00
 -1.35324331e+00  1.21965100e+00  7.15536504e-01 -9.76096493e-01
  5.55769288e-01 -2.46919136e+00 -2.32161060e-01  2.04488662e-01
 -2.27717556e+00  2.62316585e-01 -3.49712332e-01 -4.63055007e-01
 -5.31520653e-01  1.08840687e-01 -7.23797875e-02  8.20555349e-02
  5.64901450e-01 -1.45902206e-01  3.70720739e-01  2.20364272e-01
  6.89821288e-01 -4.96479156e-01 -7.54545591e-01 -3.99411005e-01
  1.39103697e+00 -9.12747957e-01  1.95650356e-01 -7.41561124e-01
 -2.35421489e-01 -8.71377767e-01 -1.22670437e-01  1.22921243e+00
 -1.21170076e-01 -3.13924933e+00 -4.66298140e-01  2.49659627e-01
 -4.28056685e-01 -1.51600233e+00  2.06272989e-01  1.39302952e+00
 -4.41264387e-01 -1.04452679e+00 -8.10296755e-01  1.00436753e-01
 -4.72840025e-02  2.34153710e-01 -4.00066342e-01  9.44408000e-02
  8.10075840e-01]